3
1 20 1 
-1.46561 -1.35683 -1.34973 2.11933 -0.64051 -0.838517 2.85839 -1.39216 -0.744581 -1.11082 -1.48794 -1.77329 -1.51028 -1.59801 -1.10446 -0.00218964 -0.483143 -0.750209 -1.41225 -0.724826 
-3.5624 0.990518 
-3.52411 0.882676 
-2.62919 -0.292234 
-3.32075 1.62623 
-3.93474 1.54665 
-3.36179 0.558388 
-2.82645 1.88338 
-3.37439 0.658263 
-2.31287 -0.686529 
-3.59884 0.969619 
-3.3528 0.647157 
-3.08204 0.345374 
-3.52204 0.936839 
-2.93937 0.0992605 
-3.7747 1.29133 
-3.42391 0.847579 
-3.95768 1.65841 
-3.72248 1.15039 
-3.29394 0.53563 
-3.08998 0.166603 
-0.442975 
