3
1 20 1 
-0.409055 -0.34402 0.23217 0.0428632 -0.0658437 -0.0327311 0.215262 -0.475494 -0.348659 -0.0362407 -0.122944 0.29809 -0.0848872 -0.164571 0.0252541 0.308252 0.288079 0.203421 0.369076 0.208975 
-0.0366985 -0.476012 
-0.0673696 0.248589 
-0.266686 0.307092 
0.0248573 0.485473 
-0.0315104 0.305139 
0.296991 -0.260369 
0.386959 0.329218 
-0.0803705 0.187246 
-0.103748 -0.151601 
0.410031 0.00367749 
0.289056 0.028367 
0.140889 -0.0380718 
0.0731376 0.365688 
0.0622425 0.392087 
0.217704 -0.425657 
-0.332636 0.408536 
0.0967895 -0.119678 
-0.265893 -0.189047 
0.411405 0.380398 
-0.127064 -0.434507 
0.371151 
